0 0.2984375 0.80703125 0.009375 0.0609375
0 0.39296875 0.6921875 0.00703125 0.03671875
0 0.234375 0.665625 0.0046875 0.03125
0 0.31640625 0.8625 0.0078125 0.03828125
0 0.33125 0.94453125 0.00703125 0.03671875
0 0.4875 0.83515625 0.0078125 0.0484375
0 0.5203125 0.8796875 0.0109375 0.04765625
0 0.58828125 0.71328125 0.00546875 0.03125
0 0.4296875 0.615625 0.0046875 0.0234375
0 0.46171875 0.63046875 0.00546875 0.04140625
0 0.50234375 0.65859375 0.003125 0.028125
0 0.59453125 0.61640625 0.0046875 0.00078125
0 0.62265625 0.609375 0.0046875 0.028125
0 0.50703125 0.5953125 0.00703125 0.02734375