0 0.3484375 0.78828125 0.0125 0.06328125
0 0.34375 0.734375 0.00546875 0.04296875
0 0.17265625 0.81796875 0.009375 0.0734375
0 0.5078125 0.73046875 0.00703125 0.03984375
0 0.48671875 0.709375 0.0109375 0.05859375
0 0.56875 0.6375 0.01015625 0.03671875
0 0.5515625 0.63125 0.00859375 0.03203125
0 0.525 0.59609375 0.00546875 0.0265625
0 0.50625 0.584375 0.0046875 0.03671875
0 0.4234375 0.59609375 0.00546875 0.0296875
0 0.49296875 0.56875 0.00625 0.0296875
0 0.53671875 0.80703125 0.01171875 0.059375